alpha_u = 200
alpha_v = 200
pan = -90
tilt= 70
swing = 0
X = 250 
Y = 250 
Z = 100
 

A
200.000000 0.000000 100.000000 
0.000000 200.000000 100.000000 
0.000000 0.000000 1.000000 

R
-0.000000 -1.000000 0.000000 
0.342020 -0.000000 0.939693 
-0.939693 0.000000 0.342020 

T
250.000000 
250.000000 
100.000000 

P
-93.969261 -200.000000 34.202015 70072.117188 
-25.565231 0.000000 222.140533 -15822.745117 
-0.939693 0.000000 0.342020 200.721146 

H
-93.969261 -200.000000 70072.117188 
-25.565231 0.000000 -15822.745117 
-0.939693 0.000000 200.721146 

H_Inv
-0.000000 -0.010036 -0.791137 
-0.005000 -0.011746 0.819565 
0.000000 -0.000047 0.001278 

H_Inv_scaled
-0.000000 -213.602997 -16838.214844 
-106.417778 -250.000000 17443.265625 
0.000000 -1.000000 27.205954 
----------------------------------------------------------------------
alpha_u = 200
alpha_v = 200
pan = 90
tilt= 70
swing = 0
X = 250 
Y = 250 
Z = 100
 
A
200.000000 0.000000 100.000000 
0.000000 200.000000 100.000000 
0.000000 0.000000 1.000000 

R
-0.000000 1.000000 0.000000 
-0.342020 -0.000000 0.939693 
0.939693 0.000000 0.342020 

T
250.000000 
250.000000 
100.000000 

P
93.969261 200.000000 34.202015 -76912.515625 
25.565231 0.000000 222.140533 -28605.361328
0.939693 0.000000 0.342020 -269.125183 

H
93.969261 200.000000 -76912.515625 
25.565231 0.000000 -28605.361328 
0.939693 0.000000 -269.125183 

H_Inv
-0.000000 -0.013456 1.430268 
0.005000 -0.011746 -0.180435 
-0.000000 -0.000047 0.001278 

H_Inv_scaled
-0.000000 -286.397034 30441.191406 
106.417778 -249.999985 -3840.290039 
-0.000000 -1.000000 27.205954 
--------------------------------------------------------------------------

alpha_u = -200
alpha_v = 200
pan = -90
tilt= 70
swing = 0
X = 250 
Y = 250 
Z = 100
 

A
-200.000000 0.000000 100.000000 
0.000000 200.000000 100.000000 
0.000000 0.000000 1.000000 

R
-0.000000 -1.000000 0.000000 
0.342020 -0.000000 0.939693 
-0.939693 0.000000 0.342020 

T
250.000000 
250.000000 
100.000000 

P
-93.969261 200.000000 34.202015 -29927.886719 
-25.565231 0.000000 222.140533 -15822.745117 
-0.939693 0.000000 0.342020 200.721146 

H
-93.969261 200.000000 -29927.886719 
-25.565231 0.000000 -15822.745117 
-0.939693 0.000000 200.721146 

H_Inv
0.000000 -0.010036 -0.791137 
0.005000 -0.011746 -0.180435 
-0.000000 -0.000047 0.001278 

H_Inv_scaled
0.000000 -213.602997 -16838.214844 
106.417778 -250.000000 -3840.289551 
-0.000000 -1.000000 27.205954


